[main]
open_add_offer_window = 0.649609375 0.07361111111111111
close_offer_window = 0.58515625 0.0763888888888889
place_offer = 0.4765625 0.75
add_to_price_list = 0.567578125 0.4048611111111111
currency_input = 0.520703125 0.18194444444444444
add_price = 0.497265625 0.8305555555555556
currency_dropdown = 0.583984375 0.18125
current_offers_pos = 0.215625 0.0423611111111111
max_offers = 2